17:35:58.151987
args: 35|kwargs: 
Returned: 10119911756749018713965376799211044556615579094364594923736162239653346274
17:35:58.151987
Elapsed: 0 microseconds